Sample rate: 48000
Bit depth: 32
Room dimensions (m):
30.83,19.52,15
Absorption Coefficients ([x1, x2, y1, y2, z1, z2] across frequency):
0.16064,0.03584,0.03584,0.03584,0.4736,0.7552
0.13888,0.14,0.14,0.14,0.644,1.12
0.19987,0.1386,0.1386,0.1386,0.6006,0.902
0.182088,0.23976,0.23976,0.23976,0.65016,0.702
0.280875,0.38,0.38,0.38,0.8425,0.3375
0.36088,0.4498,0.4498,0.4498,0.9152,0.299
0.46095,0.675,0.675,0.675,1.116,0.27
The following co-ordinates are arranged in columns, where each column is X, Y and Z, respectively:
Source positions:
6.415,9.75,1.8
Receiver positions:
15,9.75,1.8
AAES loudspeaker positions:
11.27,16.76,9.05
8.71,15.5,12.8
8.71,4.02,12.8
11.27,2.76,9.05
11.99,17.86,12.8
12.27,9.76,13.6
11.99,1.66,12.8
15.86,18.2,12.8
18.27,9.76,13.6
15.86,1.32,12.8
17.27,16.76,9.05
19.37,16.68,12.8
19.37,2.84,12.8
17.27,2.76,9.05
22.27,11.76,9.05
22.27,7.76,9.05
AAES mic positions:
11.27,14.76,10.05
8.71,14.5,13.8
8.71,5.02,13.8
11.27,4.76,10.05
11.99,16.86,13.8
10.27,9.76,13.6
11.99,2.66,13.8
15.86,17.2,13.8
16.27,9.76,13.6
15.86,2.32,13.8
17.27,14.76,10.05
19.37,15.68,13.8
19.37,3.84,13.8
17.27,4.76,10.05
20.27,11.76,10.05
20.27,7.76,10.05
