Sample rate: 48000
Bit depth: 32
Room dimensions (m):
30.83,19.52,15
Absorption Coefficients ([x1, x2, y1, y2, z1, z2] across frequency):
0.14344,0.2608,0.2608,0.2608,0.16952,0.21842
0.0935,0.165,0.165,0.165,0.176,0.242
0.1449,0.2622,0.2622,0.2622,0.1817,0.2162
0.12882,0.23052,0.23052,0.23052,0.19436,0.17402
0.156,0.28,0.28,0.28,0.198,0.086
0.2016,0.3612,0.3612,0.3612,0.2247,0.0903
0.1785,0.323,0.323,0.323,0.1904,0.0646
The following co-ordinates are arranged in columns, where each column is X, Y and Z, respectively:
Source positions:
6.415,9.75,1.8
Receiver positions:
15,9.75,1.8
AAES loudspeaker positions:
11.27,16.76,9.05
8.71,15.5,12.8
8.71,4.02,12.8
11.27,2.76,9.05
11.99,17.86,12.8
12.27,9.76,13.6
11.99,1.66,12.8
15.86,18.2,12.8
18.27,9.76,13.6
15.86,1.32,12.8
17.27,16.76,9.05
19.37,16.68,12.8
19.37,2.84,12.8
17.27,2.76,9.05
22.27,11.76,9.05
22.27,7.76,9.05
AAES mic positions:
11.27,14.76,10.05
8.71,14.5,13.8
8.71,5.02,13.8
11.27,4.76,10.05
11.99,16.86,13.8
10.27,9.76,13.6
11.99,2.66,13.8
15.86,17.2,13.8
16.27,9.76,13.6
15.86,2.32,13.8
17.27,14.76,10.05
19.37,15.68,13.8
19.37,3.84,13.8
17.27,4.76,10.05
20.27,11.76,10.05
20.27,7.76,10.05
