Sample rate: 48000
Bit depth: 32
Room dimensions (m):
35,18,8
Absorption Coefficients ([x1, x2, y1, y2, z1, z2] across frequency):
0.14344,0.2608,0.2608,0.2608,0.16952,0.21842
0.0935,0.165,0.165,0.165,0.176,0.242
0.1449,0.2622,0.2622,0.2622,0.1817,0.2162
0.12882,0.23052,0.23052,0.23052,0.19436,0.17402
0.156,0.28,0.28,0.28,0.198,0.086
0.2016,0.3612,0.3612,0.3612,0.2247,0.0903
0.1785,0.323,0.323,0.323,0.1904,0.0646
The following co-ordinates are arranged in columns, where each column is X, Y and Z, respectively:
Source positions:
5,9,1.8
Receiver positions:
22.5,9,1.8
AAES loudspeaker positions:
17.4851659507063,17.0068823660872,4.97289769687168
17.5330828627896,12.9969390641058,7.04133373615017
17.5085264091153,4.95119020695012,6.96523780189692
17.5049723608291,0.983712264439888,5.03258169774896
22.541719366383,16.9662182308193,5.00383424352601
22.5067821640725,13.0101981941402,7.04618980808551
22.5257200229111,4.98112150420448,6.95781755287532
22.5253729094279,1.00285331355062,4.99426782697754
27.4880445846975,16.96656487295,4.96066527701806
27.478583901882,13.0294284540684,7.04961347166269
27.4575854289563,4.97629712845401,6.95046342241341
27.4553950118667,1.01540790984768,5.02749104647115
34.0030797553009,15.018921450314,5.03173032206534
34.0279167230102,11.0248151592824,5.03686947053635
34.0434010684229,6.99505415985025,4.95844358455109
33.9629906208474,2.95838213779969,4.98997826490989
AAES mic positions:
14.9759870402851,14.9901808033752,6.02802520683211
15.0300068480224,10.9575966691691,5.98897388369613
14.9931413827464,6.97399161535537,5.97416912859138
15.041064759443,2.96233189348352,5.99039121455881
19.9681847028303,14.9683907788282,5.95964545251684
19.9763802916522,10.9739952525665,5.96319732926063
19.9645538980385,6.99172670690844,6.04420505907755
19.9636068558709,2.95496544303257,6.04561345402298
25.036929220764,15.0402716109915,6.00752085950785
25.0079704587366,11.0444787189722,5.95597795429472
25.0049860201836,6.99908640924681,5.97347799133724
24.9644954798224,2.99892526384,5.98531585712221
30.0353031117722,14.9837719409821,6.0321194040198
30.0122055131485,11.0400053846418,5.95154034376516
29.9850952380892,6.98692467811202,5.95430238016578
30.0013249539867,2.96112027552938,5.96689900294627
