Sample rate: 48000
Bit depth: 32
Room dimensions (m):
17,8.74,5.5
Absorption Coefficients ([x1, x2, y1, y2, z1, z2] across frequency):
0.16064,0.03584,0.03584,0.03584,0.4736,0.7552
0.13888,0.14,0.14,0.14,0.644,1.12
0.19987,0.1386,0.1386,0.1386,0.6006,0.902
0.182088,0.23976,0.23976,0.23976,0.65016,0.702
0.280875,0.38,0.38,0.38,0.8425,0.3375
0.36088,0.4498,0.4498,0.4498,0.9152,0.299
0.46095,0.675,0.675,0.675,1.116,0.27
The following co-ordinates are arranged in columns, where each column is X, Y and Z, respectively:
Source positions:
3.5,4.37,1.8
Receiver positions:
10.5,4.37,1.8
AAES loudspeaker positions:
1.42289769687168,7.37688236608722,3.1551659507063
5.24133373615017,8.11693906410582,3.20308286278963
8.46523780189692,8.07119020695012,3.17852640911527
11.832581697749,8.10371226443989,3.17497236082911
15.503834243526,7.43621823081932,3.50171936638298
3.04961347166269,6.14942845406839,4.67858390188204
6.55781755287532,6.10112150420448,4.72572002291107
10.3942678269775,6.12285331355062,4.72537290942785
2.96066527701806,2.58656487294998,4.68804458469754
6.6461898080855,2.63019819414016,4.70678216407252
10.3504634224134,2.59629712845401,4.65758542895631
1.47749104647115,1.38540790984768,3.12539501186666
5.23173032206534,0.638921450314001,3.1730797553009
8.53686947053635,0.644815159282371,3.1979167230102
11.7584435845511,0.61505415985025,3.21340106842292
15.4899782649099,1.22838213779969,3.42299062084737
AAES mic positions:
3.97598704028507,8.51018080337519,3.82802520683211
6.23000684802243,8.47759666916908,3.78897388369613
8.49314138274636,8.49399161535537,3.77416912859138
10.841064759443,8.48233189348352,3.79039121455881
12.9681847028303,8.48839077882824,3.75964545251684
4.7763802916522,6.09399525256649,4.26319732926063
8.46455389803847,6.11172670690844,4.34420505907755
12.1636068558709,6.07496544303257,4.34561345402298
4.83692922076401,2.66027161099153,4.30752085950785
8.50797045873656,2.66447871897216,4.25597795429472
12.2049860201836,2.61908640924681,4.27347799133724
3.96449547982237,0.218925263840002,3.78531585712221
6.23530311177219,0.203771940982138,3.8321194040198
8.51220551314851,0.260005384641766,3.75154034376516
10.7850952380892,0.206924678112022,3.75430238016578
13.0013249539867,0.181120275529379,3.76689900294627
